0.8181818181818181 -1.6363636363636358 
0.6694214876033058 -1.338842975206611 
0.5477084898572502 -1.0954169797145004 
0.44812512806502286 -0.8962502561300454 
0.3666478320532005 -0.7332956641064009 
0.29998458986170945 -0.5999691797234188 
0.24544193715958046 -0.4908838743191608 
0.20081613040329307 -0.40163226080658615 
0.16430410669360343 -0.3286082133872068 
0.1344306327493119 -0.2688612654986237 
0.10998869952216428 -0.21997739904432856 
0.08999075415449805 -0.179981508308996 
0.07362879885368022 -0.14725759770736044 
0.06024174451664745 -0.12048348903329485 
0.04928870005907518 -0.09857740011815036 
0.04032711823015241 -0.08065423646030481 
0.032994914915579245 -0.06598982983115848 
0.026995839476383017 -0.05399167895276603 
0.02208750502613156 -0.044175010052263104 
0.018071595021380366 -0.03614319004276073 
0.014785850472038481 -0.029571700944076955 
0.012097514022576939 -0.02419502804515387 
0.009897966018472041 -0.01979593203694408 
0.008098335833295306 -0.01619667166659061 
0.0066259111363325225 -0.013251822272665045 
0.0054212000206357 -0.010842400041271398 
0.004435527289611027 -0.008871054579222054 
0.003629067782409022 -0.007258135564818042 
0.002969237276516472 -0.005938474553032944 
0.002429375953513477 -0.004858751907026952 
0.001987671234692845 -0.00397534246938569 
0.0016262764647486912 -0.003252552929497381 
0.0013305898347943837 -0.0026611796695887673 
0.0010886644102863139 -0.002177328820572627 
8.907254265978932E-4 -0.0017814508531957863 
7.287753490346398E-4 -0.0014575506980692794 
5.962707401192507E-4 -0.0011925414802385012 
4.878578782793869E-4 -9.757157565587736E-4 
3.991564458649529E-4 -7.983128917299057E-4 
3.2658254661677963E-4 -6.531650932335591E-4 
2.6720390177736517E-4 -5.344078035547302E-4 
2.1862137418148057E-4 -4.372427483629611E-4 
1.788720334212114E-4 -3.5774406684242266E-4 
1.4634984552644567E-4 -2.9269969105289134E-4 
1.1974078270345556E-4 -2.3948156540691098E-4 
9.796973130282727E-5 -1.9593946260565456E-4 
8.01570528841314E-5 -1.603141057682627E-4 
6.558304326883478E-5 -1.3116608653766958E-4 
5.365885358359209E-5 -1.0731770716718413E-4 
4.390269838657534E-5 -8.780539677315069E-5 
3.592038958901618E-5 -7.184077917803233E-5 
